

ZA   1002    2H   1H(N,G) E=THERMAL: ^L^A^N^L   
2224.57  1  100  1  0
      2223.26   100



ZA   1003    3H   2H(N,G) E=THERMAL: ^L^A^N^L   
6257.25  1  100  1  0
      6250.3   100




ZA   3007    7LI  6LI(N,G) E=THERMAL: ^L^A^N^L  
7249.96  2  100  1  0
      6768.84   38
      7245.94   62



ZA   3008    8LI  7LI(N,G) E=THERMAL: ^L^A^N^L  
2032.82  2  100  1  0
      1051.95   10.6
      2032.54   89.4



ZA   4010   10BE  9BE(N,G) E=THERMAL: ^L^A^N^L  
6812.37  5  100  1  0
      549.05   0.16
      633.05   0.24
      853.94   23.5
      3443.7   10.6
      6809.88   65.5


ZA   5011   11B   10B(N,G) E=THERMAL: ^L^A^N^L  
11454.1  4  100.1  1  0
      2533.49   14.4
      4711.17   25.6
      7006.75   55.4
      11447.4   4.7



ZA   6013   13C   12C(N,G) E=THERMAL: ^L^A^N^L  
4946.31  3  99.99  1  0
      1261.74   32.36
      1856.72   0.16
      4945.3   67.47



ZA   6014   14C   13C(N,G) E=THERMAL: ^L^A^N^L  
8176.44  4  99.9  1  0
      1273.9   4.9
      1586.8   8.5
      2082.6   2.5
      8173.92   84



ZA   7015   15N   14N(N,G) E=THERMAL: ^L^A^N^L  
10833.2  18  100.709  1  0
      131.44   0.019
      383   0.007
      767.84   0.062
      908.41   0.161
      1073.02   0.088
      1610.79   0.073
      1678.29   7.956
      1681.23   1.643
      1783.63   0.249
      2261.83   0.077
      2520.44   5.578
      3269.2   0.061
      3531.98   8.939
      3677.74   14.517
      4508.73   16.708
      5533.39   19.571
      5562.06   10.682
      10829.1   14.318



ZA   8017   17O   16O(N,G) E=THERMAL: ^L^A^N^L  
4143.33  2  100  1  0
      1087.93   82
      3272.26   18


ZA   8018   18O   17O(N,G) E=THERMAL: ^L^A^N^L  
8037.8  0  0  1  0
ZA   8018   18O   17O(N,G) E=THERMAL: ^L^A^N^L  
8044.4  2  48.9  1  0
      2666.39   11.1
      3588.48   37.8



ZA   9020   20F   19F(N,G) E=THERMAL: ^L^A^N^L  
6601.35  29  100.334  1  0
      302.2   0.053
      556.41   2.124
      583.55   37.854
      662.24   1.073
      665.21   15.667
      791.2   0.042
      978.19   0.641
      1046   1.861
      1135.38   0.095
      1282.14   0.904
      1318.52   0.242
      1375.2   0.053
      1708.52   0.273
      2009.52   0.494
      2229.8   0.547
      2324.11   1.23
      2519.05   0.736
      2636.11   1.02
      2921.01   0.988
      3014.58   4.259
      3074.81   1.987
      3112.72   2.524
      4556.81   5.489
      4630.6   0.063
      4757.02   1.987
      5291.4   2.482
      5543.67   4.311
      5616.82   1.451
      6600.08   9.884


ZA   10021   21NE  20NE(N,G) E=THERMAL: ^L^A^N^L 
6761.1  11  99.099  1  0
      587.29   0.8
      768.52   1.943
      1071.3   13.487
      2035.63   73.8
      2076.49   0.8
      3025.57   0.229
      3097.18   0.23
      3966.56   0.39
      3971.87   1.08
      6409.32   0.5
      6759.93   5.84


ZA   10022   22NE  21NE(N,G) E=THERMAL: ^L^A^N^L 
10363.9  3  85.94  1  0
      4018.3   49.5
      4840.13   20.8
      9087.34   15.64


ZA   10023   23NE  22NE(N,G) E=THERMAL: ^L^A^N^L 
5200.6  5  81.003  1  0
      444.6   11
      1364.16   12.5
      1979.85   54.003
      3377.83   1.5
      4183.19   2



ZA   11024   24NA  23NA(N,G) E=THERMAL: ^L^A^N^L 
6959.44  39  100.672  1  0
      711.81   0.9
      737.03   0.019
      886.59   0.795
      1040.96   0.29
      1096.51   0.038
      1149.75   0.92
      1480.43   0.35
      1620.32   0.6
      1766.93   0.053
      1841.95   0.45
      1899.64   1.245
      1914.46   1.2
      2208.39   5.46
      2267.12   0.06
      2337.82   0.157
      2397.25   1.3
      2517.76   14.7
      2752.08   10.5
      2762.97   1.03
      2910.76   0.068
      2981.92   2.71
      3214.12   1.04
      3277.41   0.74
      3303.23   0.222
      3330.94   0.23
      3369.93   2.715
      3545.91   0.89
      3587.31   11.6
      3981.26   12.95
      4055.13   0.23
      4445.49   0.438
      5073.35   0.413
      5112.85   0.493
      5612.11   0.495
      5614.09   0.49
      5617.3   4.55
      6395.33   19.9
      6486.29   0.428
      6958.36   0.003



ZA   12025   25MG  24MG(N,G) E=THERMAL: ^L^A^N^L 
7330.65  9  100.399  1  0
      2213.8   0.74
      2972.4   0.167
      3053.99   19.24
      3916.86   75.85
      4528.47   0.851
      4766.86   0.758
      6355.02   2.423
      6744.88   0.333
      7330.6   0.037



ZA   12026   26MG  25MG(N,G) E=THERMAL: ^L^A^N^L 
11093.2  53  99.455  1  0
      287.5   0.035
      347.2   0.06
      374.43   0.115
      411.3   0.035
      493.23   0.37
      730.74   0.795
      742.79   0.11
      873   0.04
      966.47   0.195
      990.76   0.15
      1236.64   0.58
      1519.12   1.31
      1665.39   0.61
      1767.61   1.57
      1854.5   0.12
      2048.2   0.105
      2133.7   0.16
      2189.59   3.08
      2387.33   0.57
      2560.77   0.8
      2589.3   0.495
      2634.17   0.41
      2842.2   1.175
      2865.27   0.85
      2908.02   1.4
      3039.5   0.135
      3367.45   0.435
      3395.3   0.12
      3551.19   5.6
      3721.4   0.385
      3744.01   7.15
      3810.13   5.05
      3831.48   21.8
      3993.24   0.88
      4030.88   0.91
      4216.38   7.5
      4346.98   0.335
      4458.43   0.47
      4967.19   8.5
      5376.1   0.065
      5401.3   0.225
      5616.8   0.27
      5800.69   1.575
      6120.1   0.25
      6191.11   0.265
      6257.1   0.34
      6742.21   2.105
      6759.73   1.145
      6773.1   0.345
      7150.61   1.145
      8153.54   14.9
      9282.68   2.275
      11090.7   0.14



ZA   12027   27MG  26MG(N,G) E=THERMAL: ^L^A^N^L 
6443.4  9  101.272  1  0
      517.3   0.614
      1414.95   0.435
      1615.28   16.896
      2655.86   3.686
      2881.67   65.536
      2951.4   0.256
      2966.77   2.176
      5457.82   2.483
      6442.5   9.19



ZA   13028   28AL  27AL(N,G) E=THERMAL: ^L^A^N^L 
7725.1  47  101.96  1  0
      455.69   0.29
      548.7   0.23
      831.46   1.35
      968.6   0.42
      1073.97   0.57
      1102.1   0.73
      1283.6   1.14
      1305.3   0.19
      1408.35   3.1
      1526.26   1.8
      1705.4   0.39
      1864.4   0.46
      1927.6   1.2
      1983.99   1.07
      2282.79   4.75
      2347.3   0.16
      2548.09   0.15
      2590.23   4.22
      2709.64   0.69
      2821.46   3.87
      2960.11   9.6
      3033.9   8.8
      3128.49   0.24
      3263.1   0.1
      3480.6   0.12
      3789.32   0.87
      3823.91   0.56
      3849.11   3.12
      4015.66   0.73
      4054.07   0.14
      4133.41   6.9
      4259.54   6.8
      4377.62   0.43
      4428.41   0.81
      4737.4   0.45
      5068.6   0.17
      5141.7   0.02
      5238.48   0.26
      5452.8   0.17
      5523   0.06
      5585.66   1.1
      6101.5   2.58
      6351.4   0.11
      6710.69   0.9
      6752   0.06
      7693.41   3.27
      7724.04   26.81



ZA   14029   29SI  28SI(N,G) E=THERMAL: ^L^A^N^L 
8473.56  12  100.279  1  0
      476.6   0.059
      950.33   0.071
      1415.54   0.213
      1564.99   0.515
      1760.4   0.041
      2092.89   19.536
      3538.98   70.152
      5405.4   0.036
      6046.91   0.326
      6444.9   0.118
      7199.2   7.045
      8472.22   2.167



ZA   14030   30SI  29SI(N,G) E=THERMAL: ^L^A^N^L 
10609.2  23  98.152  1  0
      333.3   0.109
      407.14   0.311
      816.87   1.092
      989.45   1.058
      1012.05   0.823
      1301.12   1.52
      1505.46   3.788
      1655.89   0.697
      1672.7   0.269
      1711.3   4.2
      2445.94   7.854
      2454.5   0.252
      2941.9   0.185
      3101.19   23.688
      3694.2   1.1
      3864.89   29.82
      3967.78   3.948
      4994.9   0.269
      6820.7   1.075
      6838.83   3.679
      7109.82   5.023
      8372.7   0.664
      10607.3   6.728



ZA   14031   31SI  30SI(N,G) E=THERMAL: ^L^A^N^L 
6587.4  8  100.592  1  0
      629.43   0.196
      714.22   0.869
      1305.99   16.999
      2204.95   12.702
      3054.33   67.995
      3798.2   0.131
      5834.2   0.234
      6586.71   1.466



ZA   15032   32P   31P(N,G) E=THERMAL: ^L^A^N^L  
7935.65  31  97.14  1  0
      1353.83   0.84
      1425.33   0.17
      1739.4   1.48
      1873.53   2.2
      2156.95   8.5
      2234.12   0.84
      2426.3   1.9
      2586.01   6.3
      2863.15   2.05
      3058.17   6.97
      3224.92   0.34
      3274.05   5.14
      3387.4   0.12
      3899.95   17.8
      3926.48   2.24
      4142.75   0.21
      4491.07   2.01
      4671.39   11.8
      4860.5   0.08
      5194.92   1.29
      5277.73   1.12
      5355.2   0.07
      5705.4   2.57
      5717.55   0.04
      5758.05   0.09
      6179.4   0.05
      6612.02   0.08
      6785.48   14.7
      7422.05   4.89
      7856.65   0.88
      7934.68   0.37



ZA   16033   33S   32S(N,G) E=THERMAL: ^L^A^N^L  
8641.91  21  99.275  1  0
      273.56   0.066
      1025.87   0.156
      1135.31   0.479
      1153.4   0.039
      1225.74   0.656
      1453.9   0.546
      1964.84   1.37
      2216.73   2.567
      2753.26   5.539
      2930.71   16.791
      3029.1   0.179
      3161.6   0.143
      3355.35   0.156
      3723.68   2.605
      4217.53   0.22
      4430.75   4.864
      5420.58   58.286
      5773.8   0.069
      6327.79   0.124
      7799.77   2.644
      8640.45   1.776



ZA   16034   34S   33S(N,G) E=THERMAL: ^L^A^N^L  
11417.2  60  82.639  1  0
      392.28   0.027
      576.8   0.032
      767.2   0.022
      1105.67   0.328
      1205.05   0.134
      1237.61   0.114
      1325.22   0.073
      1484.06   0.073
      1580.5   0.145
      1615.24   0.495
      1751.43   0.317
      1818.96   0.084
      1871.04   0.449
      2209.1   0.189
      2258.43   0.814
      2390.82   0.293
      2611.7   0.264
      2689.5   0.475
      2714.5   0.616
      2801.33   2.222
      2910.28   2.2
      3031.69   1.012
      3122.65   0.594
      3211.69   0.519
      3231.89   0.185
      3241.9   0.079
      3278.79   0.704
      3442.24   0.224
      3635.83   1.144
      3787.1   5.83
      3864.25   0.37
      3949.27   0.339
      4049.68   0.257
      4197.69   0.66
      4252.38   0.271
      4306.44   1.826
      4462.44   1.738
      4568.9   0.066
      4588.37   0.13
      4731.37   0.348
      4938.06   4.884
      5074.79   0.092
      5247.94   2.596
      5294.94   0.092
      5569.3   1.232
      5660.78   4.048
      5736.76   9.46
      6035.68   0.968
      6094.4   0.046
      6188.45   1.914
      6526.84   1.21
      6539.66   0.218
      6727.5   0.015
      6792.1   5.324
      7302.2   0.062
      7341.67   8.03
      7499.9   13.64
      8111.99   1.342
      9288.28   0.242
      11415.2   1.562



ZA   16035   35S   34S(N,G) E=THERMAL: ^L^A^N^L  
6986.09  10  95.573  1  0
      692.16   0.133
      907.61   0.609
      2022.95   11.424
      2082.68   15.64
      2508.39   0.377
      2796.73   5.406
      3183.94   6.188
      4268.65   0.34
      4637.91   55.42
      6985.7   0.036



ZA   16037   37S   36S(N,G) E=THERMAL: ^L^A^N^L  
4303.61  5  101.312  1  0
      810.85   1.044
      1041.71   3.524
      1665.7   22.62
      2311.65   4.089
      3657.28   70.035



ZA   17036   36CL  35CL(N,G) E=THERMAL: ^L^A^N^L 
8579.7  67  99.341  1  0
      1020.5   0.073
      1496.7   0.171
      1626.98   0.298
      1743.15   0.249
      1806.42   0.159
      1936.96   0.43
      1975.61   0.694
      2034.63   0.748
      2041.15   0.509
      2091.82   0.206
      2156.21   0.679
      2200.12   0.391
      2224.68   0.165
      2235.36   0.19
      2239.71   0.242
      2311.41   1.09
      2326.02   0.234
      2394.64   0.156
      2489.85   0.455
      2537.26   0.437
      2622.88   0.633
      2800.85   0.6
      2845.5   1.27
      2876.64   0.563
      2975.24   1.046
      3001.07   0.697
      3015.98   1.131
      3061.86   3.521
      3105.76   0.169
      3116.22   0.994
      3250.36   0.255
      3316.36   0.257
      3333.09   0.827
      3374.9   0.6
      3428.86   0.895
      3500.38   0.33
      3561.26   0.693
      3581.9   0.133
      3749.9   0.309
      3821.58   1.095
      3825.53   0.842
      3981.06   1.028
      4028.05   0.193
      4054.23   0.626
      4082.66   0.785
      4169.2   0.058
      4264.01   0.031
      4440.4   1.047
      4518.12   0.155
      4547.47   0.453
      4616.44   0.682
      4637.59   0.014
      4944.34   1.107
      4979.71   3.616
      5109.25   0.087
      5246.91   0.27
      5584.62   0.536
      5715.19   5.31
      5902.7   1.104
      6086.74   0.844
      6110.85   20.58
      6619.64   7.83
      6627.75   4.69
      6977.85   2.29
      7413.95   10.52
      7790.32   8.31
      8578.59   2.739



ZA   17038   38CL  37CL(N,G) E=THERMAL: ^L^A^N^L 
6107.8  21  91.3  1  0
      1273.08   0.7
      1700.96   0.5
      1820.75   0.9
      2034.54   1
      2096.24   1.8
      2133.44   2.9
      2214.48   5.8
      2245.13   1.2
      2285.63   2.3
      2351.42   1.1
      2422.82   1.9
      2568.91   0.4
      3212.95   1
      3364.74   8.5
      4126.66   16.8
      4165.25   1
      4361.83   4.7
      4415.12   12.8
      4490.31   15.1
      5351.9   7.6
      6107.47   3.3


ZA   18037   37AR  36AR(N,G) E=THERMAL: ^L^A^N^L 
8788.9  11  92.733  1  0
      1966.84   2
      2205.85   2.7
      3698.91   13.4
      4154.34   1.8
      4345.1   3.2
      4808.78   1.6
      4851.86   0.8
      5270.23   20.608
      6297.75   35.31
      7378.29   1.38
      8790.8   9.935


ZA   18041   41AR  40AR(N,G) E=THERMAL: ^L^A^N^L 
6098.7  10  100.48  1  0
      1828.56   1
      2130.44   3.85
      2771.9   8.35
      3088.88   0.95
      3150.07   4.25
      3365.15   3.9
      3700.22   9.3
      4744.41   55.45
      5063.67   0.53
      5582.29   12.9



ZA   19040   40K   39K(N,G) E=THERMAL: ^L^A^N^L  
7799.5  51  89.437  1  0
      2735.91   0.83
      2806.43   1.76
      2926.82   0.73
      3010.73   0.5
      3055.26   2.86
      3262.28   2.43
      3326.35   0.79
      3379.97   0.22
      3403.44   1
      3518.79   1.05
      3545.7   4.7
      3586.26   0.217
      3619.28   0.77
      3650.31   2.22
      3688.46   1.49
      3694.85   1.43
      3778.96   0.93
      3875.5   0.28
      3911.36   0.96
      3930.62   1.56
      3959.04   1.48
      3977.86   1.29
      4001.7   1.61
      4031.41   0.221
      4060.78   1.53
      4135.52   3.41
      4169.33   0.71
      4200.02   2.23
      4242.29   0.45
      4313.08   0.28
      4360.08   4.33
      4384.88   1.47
      4405.6   0.42
      4431.2   0.59
      4652.77   0.52
      4670.83   0.66
      4689.45   0.052
      4991.28   2.18
      5012.51   1.17
      5042.43   1.78
      5068.77   1.25
      5173.14   2.3
      5223.18   0.377
      5379.93   7.9
      5509.21   3.17
      5695.39   5.6
      5729.25   2.28
      5751.71   5.5
      5839.96   0.2
      6998.7   2.15
      7768.86   5.6



ZA   19041   41K   40K(N,G) E=THERMAL: ^L^A^N^L  
10095.2  95  87.628  1  0
      354.48   0.113
      1895.02   1.11
      1904.92   0.32
      2156.14   1.26
      2440.17   0.856
      2502.04   0.732
      2733.93   0.556
      3059.78   0.874
      3074.08   1.154
      3099.52   0.413
      3259.61   1.082
      3303.68   0.377
      3312.5   0.51
      3325.27   0.497
      3566.87   0.46
      3598.01   0.229
      3644.85   0.233
      3660.5   0.641
      3700.69   0.527
      3804.94   0.693
      3839.03   0.575
      3865.1   0.327
      3883.48   1.037
      3908.94   1.56
      4016.41   0.422
      4024.21   0.427
      4054.3   0.75
      4126.07   0.392
      4142.55   0.61
      4182.45   0.861
      4208   0.742
      4268.28   0.729
      4294.14   0.547
      4435.67   0.543
      4439.26   1.204
      4484.09   0.333
      4490.33   0.388
      4519.67   0.473
      4537.51   0.26
      4546.72   1.146
      4598.29   0.874
      4796.02   0.812
      4909.6   0.626
      4998.65   0.603
      5073.61   0.096
      5145.89   0.365
      5167   0.812
      5232.39   0.223
      5271.49   1.878
      5345.34   1.133
      5349.32   1.558
      5358.94   0.528
      5364.1   0.6
      5485.31   1.611
      5526.03   0.369
      5569.4   0.149
      5635.05   1.453
      5749.09   4.06
      5791.73   0.549
      5820.27   2.16
      5834.37   1.044
      5850.51   1.356
      5865.74   1.516
      5874.1   0.653
      5930.15   1.234
      5948.57   0.649
      6067.76   0.174
      6098.2   5.44
      6104.29   0.376
      6224.16   0.152
      6267.77   0.85
      6319.99   0.877
      6333.12   1.803
      6443.18   0.382
      6481.86   0.12
      6534.01   0.093
      6560.17   0.635
      6573.24   0.203
      6605.32   0.085
      6662.76   0.821
      6853.91   0.372
      6859   0.224
      6880.95   1.628
      6952.12   1.97
      7046.31   0.062
      7337.74   2.04
      7381.9   2.33
      7586.5   0.525
      7599.51   0.244
      7777.69   9.05
      7950.53   2.78
      8396.25   0.183
      8417.02   0.112
      8512.23   0.202
      8800.56   1.021



ZA   19042   42K   41K(N,G) E=THERMAL: ^L^A^N^L  
7533.77  120  93.383  1  0
      1555.38   0.119
      1580.22   0.301
      1687.17   0.042
      1744.03   0.146
      1774.03   0.155
      1822.89   0.34
      1836.49   0.138
      1903.46   0.051
      2056.77   0.063
      2214.76   0.183
      2287.06   0.464
      2354.54   0.132
      2436.65   0.33
      2452.47   0.227
      2469.64   0.301
      2530.7   0.333
      2573.99   0.12
      2590.68   0.197
      2594.68   0.129
      2630.03   0.125
      2656.46   0.128
      2680.08   0.619
      2726.83   1.11
      2755.63   0.154
      2785.13   0.114
      2818.26   0.098
      2872.93   0.233
      2920.88   0.246
      2943.07   0.431
      2957.4   0.361
      2976.98   0.535
      3052.6   0.795
      3090.49   0.213
      3105.39   0.86
      3117.03   1.259
      3143.86   0.282
      3274.51   0.12
      3354.18   0.166
      3378.95   0.215
      3381.23   0.652
      3405.28   2.07
      3428.22   0.232
      3429.85   0.25
      3493.66   0.16
      3496.68   0.472
      3519.69   1.445
      3598.96   0.339
      3643.47   0.336
      3645.26   0.151
      3656.61   0.729
      3671.6   0.866
      3701.88   0.117
      3735.44   0.201
      3738.95   0.767
      3762.94   0.102
      3837.14   0.963
      3859.42   0.521
      3874.98   0.801
      3912.33   0.35
      4004.61   0.104
      4030.66   0.258
      4112.27   0.588
      4115.1   1.718
      4166.2   0.321
      4209.8   0.226
      4229.2   0.21
      4238.21   0.219
      4246.34   0.12
      4249.13   0.914
      4299.61   0.49
      4322.89   0.46
      4337.7   0.827
      4493.36   0.435
      4512.4   1.257
      4519.04   0.638
      4525.15   0.892
      4594.9   0.517
      4607.4   0.44
      4616.47   0.274
      4655.51   0.578
      4670.77   0.465
      4767.51   4.11
      4815.35   1.461
      4879.67   0.062
      4889.15   0.943
      4905.6   0.587
      4926.43   0.592
      4959.82   0.368
      5051.28   2.01
      5111.3   2.01
      5131.6   3.69
      5144.59   1.03
      5167.23   6.56
      5282.31   0.54
      5294.78   2.65
      5329.37   0.125
      5346.2   0.058
      5371.77   0.383
      5461.38   2.52
      5484.06   1.818
      5595.86   1.365
      5671.45   3.71
      5690.37   2.26
      5716.47   0.187
      5787.72   0.155
      5809.91   0.633
      6069.64   0.31
      6125.36   0.37
      6133.24   0.4
      6156.15   0.901
      6259.72   0.369
      6266.95   0.785
      6278.43   1.536
      6389.64   0.206
      6422.48   0.635
      6691.24   0.785
      6851.21   5.63
      6894.42   1.252
      7426.22   3.21
      7533.03   1.857



ZA   20041   41CA  40CA(N,G) E=THERMAL: ^L^A^N^L 
8362.7  19  101.487  1  0
      2893.8   0.4
      2910.9   0.4
      2992.3   0.9
      3290.3   0.3
      3351   0.6
      3584.4   3.298
      3609.9   7.998
      3759.4   2.401
      4418.3   21.995
      4517   1.299
      4632   0.4
      4749.4   2.3
      4836.7   1
      4962.5   2.2
      5312.6   0.4
      5692.4   1.799
      5900   7.999
      6352.4   0.799
      6419.6   44.999



ZA   20043   43CA  42CA(N,G) E=THERMAL: ^L^A^N^L 
7933  15  98.5  1  0
      2895.5   2.1
      3031.7   2.3
      3291.5   0.5
      3329.3   0.2
      3725.7   9.2
      4360.4   3.4
      4647.2   2.6
      4989.7   3.6
      5054.8   2.6
      5321.9   4.8
      5660.3   0.2
      5830.3   1.1
      5886.8   58
      5976.2   0.7
      7339.3   7.2



ZA   20044   44CA  43CA(N,G) E=THERMAL: ^L^A^N^L 
11132  39  49.46  1  0
      4457.88   1.9
      4919.89   0.9
      4984.43   1.12
      5091.62   0.4
      5264.41   1.19
      5355.71   2.88
      5397.75   3.75
      5582.39   0.99
      5672.96   0.5
      5756.29   0.85
      5789.47   0.35
      5831.37   1
      5841.88   1.17
      5900.89   6.97
      6001.28   3.39
      6034.4   1.18
      6125.28   3.72
      6226.7   0.84
      6328.26   0.59
      6441.14   0.39
      6480.23   2.3
      6546.64   2.36
      6566.35   0.56
      6651.29   0.42
      6731.89   0.14
      6772.26   0.75
      6935.23   0.88
      7119.71   0.08
      7208.09   1.55
      7354.22   0.49
      7418.78   0.74
      7454.44   0.08
      7773.37   3.04
      7822.3   0.17
      7829.3   0.6
      8086.43   0.67
      8474.28   0.07
      8848   0.37
      9974.3   0.11



ZA   20045   45CA  44CA(N,G) E=THERMAL: ^L^A^N^L 
7414.89  13  100.422  1  0
      2178   0.2
      2415.2   2.202
      2799.1   3.403
      2947.1   0.3
      3576.8   1.702
      3631.9   0.901
      3996.2   10.303
      4173.3   2.402
      4572.8   4.096
      5165.7   9.702
      5515   54.3
      5980.1   10.703
      7240   0.208



ZA   20047   47CA  46CA(N,G) E=THERMAL: ^L^A^N^L 
7276.1  5  100  1  0
      1772.67   4.4
      2466.84   1.7
      3218.1   9.5
      4400.6   10.4
      5262.1   74



ZA   20049   49CA  48CA(N,G) E=THERMAL: ^L^A^N^L 
5146.6  2  100  1  0
      3123.3   24.5
      5146.6   75.5



ZA   21046   46SC  45SC(N,G) E=THERMAL: ^L^A^N^L 
8760.68  124  98.84  1  0
      3219.06   0.27
      3414.38   0.42
      3458.71   0.89
      3667.56   0.33
      3711.08   0.29
      3799.06   0.59
      3877.93   0.62
      3887.1   0.16
      3973.23   0.33
      3999.42   0.33
      4006.19   0.44
      4040.85   0.28
      4059.46   0.94
      4065.9   0.51
      4154.05   0.45
      4173.32   0.73
      4231.93   0.32
      4237.72   0.58
      4293.38   0.36
      4312.63   0.24
      4327.69   0.31
      4377.38   0.52
      4441.36   0.29
      4465.8   0.4
      4498.98   0.69
      4617.82   0.5
      4628.53   0.35
      4656.63   0.3
      4679.3   0.54
      4685.75   0.24
      4720.73   0.92
      4815.11   0.15
      4823.12   0.45
      4883.75   0.62
      4891.78   0.6
      4919.29   0.49
      4946.58   0.19
      4975.03   2.65
      4993.69   0.9
      5038.96   0.15
      5053   0.26
      5084.91   0.56
      5105.6   0.23
      5128.4   0.52
      5139.94   0.16
      5155.11   0.29
      5163.3   0.82
      5210.05   0.63
      5267.12   1.88
      5286.13   0.67
      5317.07   0.27
      5335.81   1.01
      5346.03   0.52
      5363.67   0.39
      5378.86   0.42
      5446.23   0.78
      5481.57   0.75
      5499.93   0.38
      5530.48   0.4
      5555.38   0.37
      5568.51   0.36
      5583.77   0.66
      5623.99   0.98
      5665.64   0.76
      5678.65   0.32
      5703.36   0.14
      5728.28   0.27
      5743.23   1.08
      5757.93   0.1
      5780.62   0.56
      5803.58   0.29
      5820.09   0.23
      5869.63   0.23
      5896.93   2.24
      5904.29   0.55
      5926.33   0.18
      5977.24   0.39
      6046.16   0.61
      6055.01   1.5
      6065.68   0.29
      6097.53   0.47
      6117.19   0.21
      6170.25   2.41
      6192.17   0.51
      6201.32   0.32
      6238.55   0.1
      6300.58   0.93
      6309.1   0.33
      6317.91   3.22
      6329.04   0.12
      6349.76   2.76
      6364.24   0.66
      6430.01   0.07
      6457.61   0.63
      6468.35   0.54
      6507.39   0.47
      6538.47   0.28
      6557.04   2.47
      6640.86   0.65
      6646.03   0.5
      6675.69   0.09
      6689.85   0.14
      6716.7   1.72
      6839.03   2.34
      6840.25   3.34
      6874.07   0.77
      6960.67   0.24
      6996.87   0.13
      7052.27   0.35
      7117.41   2.09
      7233.33   0.58
      7332.15   0.25
      7438.91   0.2
      7489.56   0.44
      7635.77   2.49
      7671.4   0.31
      7924.85   0.56
      8132.48   2.66
      8175.12   10.02
      8315.73   2.01
      8470.3   0.76
      8532.06   5.16
      8617.28   0.24
      8759.78   0.91



ZA   22047   47TI  46TI(N,G) E=THERMAL: ^L^A^N^L 
8877.7  8  85.194  1  0
      4955   9.198
      5201.3   7.2
      5323.8   5.598
      5701.3   1.8
      6084   8.598
      6329   9.798
      7083.2   24
      7327.3   19.002



ZA   22048   48TI  47TI(N,G) E=THERMAL: ^L^A^N^L 
11626.6  52  73.76  1  0
      4010.33   0.58
      4052.5   0.169
      4085.06   0.48
      4267.47   1.34
      4566.3   0.29
      4649.9   0.106
      4669   0.096
      4728.06   0.262
      4799.8   0.21
      4829.7   0.201
      4917.6   0.169
      4999.97   0.382
      5084.76   0.638
      5135.89   0.707
      5220.16   0.476
      5261.2   0.27
      5312.6   0.73
      5387.3   0.11
      5571.5   0.167
      5583.84   3.68
      5737.71   1.6
      5986.26   2.51
      6006.73   0.91
      6135.5   0.364
      6269.85   0.68
      6468.53   0.94
      6480.39   4.08
      6685.6   0.208
      6701.18   0.345
      6715.5   0.76
      6831   0.82
      6834.11   1.77
      6842.73   0.353
      6906.97   1.36
      7045.32   0.49
      7168.7   17.08
      7238.4   3.61
      7419.6   0.1
      7429.23   0.848
      7590.81   3.32
      7773.65   1.23
      7843.52   2.48
      7885.6   0.08
      7926.4   0.119
      8009.1   5.82
      8255.2   0.443
      8267.3   0.31
      8386.14   1.216
      8401.88   0.364
      9204.69   6.48
      9330.05   0.297
      10641.9   1.71



ZA   22049   49TI  48TI(N,G) E=THERMAL: ^L^A^N^L 
8142.36  21  99.015  1  0
      2346.79   0.097
      2730.19   0.147
      2991.21   0.185
      3026.69   2.07
      3231.4   0.403
      3331.22   0.054
      3475.56   1.57
      3553.98   0.684
      3708.93   0.585
      3920.38   1.289
      4287.16   0.136
      4354.46   0.355
      4673.13   0.56
      4713.83   0.956
      4881.4   4.51
      4966.8   2.89
      5477.69   0.206
      5637.57   0.428
      6418.44   30.5
      6555.92   5.09
      6760.09   46.3



ZA   22050   50TI  49TI(N,G) E=THERMAL: ^L^A^N^L 
10939.1  28  83.145  1  0
      3456.08   1.03
      3706.82   0.6
      3860.29   0.2
      3909.6   0.14
      4089.95   0.79
      4101.35   0.84
      4209.12   1
      4228.41   4.01
      4417.56   1.84
      4539.14   0.297
      4559.08   0.54
      4637.14   1.83
      4782.44   0.14
      4815.77   1.07
      4992.42   4.49
      5132.34   0.201
      5244   0.547
      5391.04   1.96
      5558.89   6.14
      5752.7   4.72
      6058.06   10.03
      6148.77   0.53
      6451.97   0.25
      6528.68   0.92
      6766.67   17.8
      6791.44   7.58
      8263.49   8.57
      9384.4   5.08



ZA   22051   51TI  50TI(N,G) E=THERMAL: ^L^A^N^L 
6372.3  5  100  1  0
      3198.39   9.9
      3466.37   29
      4174.02   21.5
      5205.31   35.4
      6371.87   4.2



ZA   23051   51V   50V(N,G) E=THERMAL: ^L^A^N^L  
11051.1  59  74.875  1  0
      4073.66   0.247
      4119.53   0.17
      4220.66   0.312
      4375.63   0.162
      4471.39   0.207
      4480.51   0.276
      4554.65   0.301
      4565.33   0.408
      4587.02   0.175
      4612.98   0.529
      4670.92   0.376
      4753.56   0.516
      4783.92   0.214
      4785.87   0.793
      4791.15   0.383
      4936.9   0.93
      4949.94   0.247
      4991.57   0.631
      5012.29   0.413
      5069.57   0.187
      5102.28   0.479
      5107.83   0.336
      5137.34   0.694
      5201.11   0.978
      5233.04   0.561
      5242.85   0.584
      5422.08   1.69
      5647.08   0.756
      5717.33   1.73
      5725.43   0.445
      5742.71   0.319
      5794.78   1.54
      5842.2   0.93
      5862.28   2.27
      5937.45   1
      6020.37   0.29
      6030.69   0.315
      6134.7   0.143
      6156.34   0.716
      6468.13   0.332
      6490.07   0.946
      6556.75   0.855
      6603.94   2.82
      6825.8   1.92
      6926.52   3.09
      7047.93   0.093
      7107.25   0.741
      7131.07   3.1
      7148.31   3.37
      7176.93   5.3
      7247.08   0.355
      7436.54   7.3
      7533.46   0.237
      7655.24   0.063
      7665.02   9.81
      7672.88   1.99
      8350.88   1.82
      9236.99   2.68
      9440.98   4.8



ZA   23052   52V   51V(N,G) E=THERMAL: ^L^A^N^L  
7311.22  48  96.38  1  0
      2272.33   0.26
      2556.22   0.05
      2701.76   0.07
      2792.31   0.11
      2827.89   0.17
      2891.23   0.2
      3025.83   0.14
      3032.99   0.27
      3202.37   0.16
      3502.68   0.69
      3534.13   0.54
      3578.05   0.76
      3581.53   0.19
      3735.27   0.31
      3772.71   0.3
      3837.33   0.19
      3861.22   0.2
      3977.69   0.2
      4112.03   0.07
      4116.92   1.88
      4126.65   0.13
      4251.56   0.18
      4301.87   0.14
      4323.7   0.18
      4452.19   1.13
      4486.48   0.35
      4535.29   0.16
      4567.95   0.22
      4751.67   0.08
      4771.94   0.33
      4883.3   1.41
      4992.91   0.71
      5142.28   3.86
      5210.07   4.81
      5515.76   7.91
      5540.74   0.05
      5551.21   0.55
      5578.31   0.43
      5731.7   0.12
      5752.03   7.51
      5892.05   2.45
      6464.84   8.96
      6517.26   16.5
      6874.12   10.4
      7162.84   12.7
      7287.89   1.26
      7293.54   2.07
      7310.66   5.02



ZA   24051   51CR  50CR(N,G) E=THERMAL: ^L^A^N^L 
9261.6  17  83.946  1  0
      2013.3   0.68
      2052.9   0.077
      3593.5   0.765
      4057.6   0.119
      4491.7   0.544
      4625.2   0.935
      4971.9   0.357
      5222.3   1.955
      5490.6   1.496
      5494.6   1.7
      6136.3   6.46
      6206.7   0.178
      6372   3.4
      6434.1   0.085
      7363.2   11.645
      8485   22.1
      8513   31.45



ZA   24053   53CR  52CR(N,G) E=THERMAL: ^L^A^N^L 
7939.17  6  93.302  1  0
      4322.13   3.1
      5231.6   0.4
      5269   5.6
      5618.23   14.401
      7374.58   11.4
      7938.58   58.401



ZA   24054   54CR  53CR(N,G) E=THERMAL: ^L^A^N^L 
9719.01  26  96.04  1  0
      3403.55   0.17
      3576.08   0.2
      3863.64   0.39
      3898.51   0.11
      4133.15   0.48
      4425.63   0.5
      4451.47   0.45
      4494   0.13
      4530.38   0.19
      4847.54   1.96
      5086.36   0.22
      5339.27   0.29
      5501.78   0.13
      5636.9   0.13
      5707.09   1.35
      5792.17   0.46
      5794.32   0.17
      5858.98   1.21
      5999.95   4.79
      6283.02   2.03
      6326.41   1.19
      6645.64   10.29
      6890.16   2.35
      7100.11   8.2
      8884.81   44
      9719.79   14.65



ZA   24055   55CR  54CR(N,G) E=THERMAL: ^L^A^N^L 
6246.3  9  89.79  1  0
      2202   0.69
      3351.5   2.72
      3558.6   1.43
      3977   0.35
      4162.2   0.46
      4771.8   13.1
      5680.4   2.14
      6004.4   13.4
      6246.4   55.5



ZA   25056   56MN  55MN(N,G) E=THERMAL: ^L^A^N^L 
7270.5  79  98.195  1  0
      2342.35   0.4
      2371.85   0.29
      2429.22   0.4
      2452.04   0.22
      2472.14   0.33
      3172.24   0.17
      3270.9   0.32
      3287.95   0.12
      3408.85   3.17
      3430.55   0.16
      3498.64   0.54
      3548.95   0.27
      3573.55   0.24
      3580.35   0.44
      3642.04   0.61
      3752.04   0.43
      3772.54   0.12
      3784.88   0.32
      3814.75   1.07
      3820.15   0.58
      3857.55   0.6
      3874.56   0.13
      3896.75   0.095
      3954.75   0.06
      3979.15   0.38
      4006.5   0.05
      4029.54   0.17
      4052.14   0.13
      4104.43   0.39
      4110.64   0.35
      4198.95   0.17
      4222.74   0.73
      4251.45   0.21
      4267.08   0.69
      4319.25   0.11
      4347.75   0.31
      4380.75   0.54
      4397.83   0.14
      4415.14   0.2
      4445.75   0.77
      4472.81   0.1
      4550.34   0.68
      4565.93   1.94
      4588.45   0.43
      4618.3   0.1
      4689.75   1
      4724.49   2.76
      4751.48   0.025
      4828.52   1.25
      4873.81   0.72
      4907.65   0.68
      4934.95   0.36
      4949.07   2.01
      4969.54   0.36
      5015.41   6.12
      5035.12   1.02
      5067   2.73
      5111.11   0.3
      5180.39   3.79
      5198.9   0.85
      5253.7   1.24
      5290.03   0.055
      5404.25   0.39
      5436.55   1.27
      5525.81   6.72
      5542.75   0.17
      5760.28   1.74
      5919.26   0.82
      5976.46   0.18
      6031.15   0.52
      6104.24   2
      6429.68   0.73
      6553.91   0.19
      6783.75   3.42
      6929.05   2.34
      7058   11
      7159.5   5.96
      7243.39   12.3
      7269.99   3.5



ZA   26055   55FE  54FE(N,G) E=THERMAL: ^L^A^N^L 
9297.9  11  97.586  1  0
      4180   0.804
      4589.6   2.598
      4802.8   2.897
      5391.1   1.196
      5507.5   2.402
      5745.4   2.299
      6268.9   3.196
      6826.8   1.897
      7246.3   2
      8886.4   12.3
      9297.8   65.997



ZA   26057   57FE  56FE(N,G) E=THERMAL: ^L^A^N^L 
7646.03  33  95.65  1  0
      2407.4   0.1
      2424.3   0.06
      2466   0.08
      2507.2   0.04
      2954.04   0.36
      3047.9   0.04
      3075.1   0.11
      3186   0.68
      3267.05   1.29
      3436.4   1.63
      3504.5   0.18
      3508.6   0.05
      3663   0.13
      3854   0.19
      4217.98   3.77
      4274.5   0.25
      4323.8   0.12
      4405.74   1.64
      4462.5   0.52
      4659.3   0.09
      4675.1   0.4
      4724   0.28
      4809.83   1.85
      4825.6   0.07
      4948.3   0.85
      5047.4   0.17
      5318   0.09
      5920.35   9.6
      6018.42   9.9
      6380.47   1.11
      7278.82   6
      7631.18   29
      7645.58   25



ZA   26058   58FE  57FE(N,G) E=THERMAL: ^L^A^N^L 
10044.6  22  94.801  1  0
      4521   0.8
      4626.5   3.3
      4749.8   3
      4823.9   2.4
      5044   10.7
      5212   0.6
      5493.9   10.9
      5600.2   1.1
      5691.6   2.5
      5721.8   2.5
      5747   2.4
      5905.6   2.5
      6028.7   1.2
      6163.1   3.3
      6414.3   1.6
      6506.4   6.8
      6960.7   10.501
      7163   0.6
      7262.2   11.4
      8369.7   11.8
      9233.7   2.2
      10044.1   2.7



ZA   26059   59FE  58FE(N,G) E=THERMAL: ^L^A^N^L 
6580.9  20  92.189  1  0
      3196.41   0.1
      3340.8   1.06
      3422.6   0.06
      3477.8   0.06
      3513   0.04
      3770.5   0.33
      3824   0.13
      4011.5   0.71
      4133.4   3.58
      4260   0.39
      4418.7   0.49
      4618.86   3.4
      4661.81   8.2
      5009.2   0.37
      5369.1   0.33
      5419.5   7.099
      5854.25   14.9
      6012.7   0.54
      6293.63   47
      6580.89   3.4



ZA   27060   60CO  59CO(N,G) E=THERMAL: ^L^A^N^L 
7491.93  118  90.26  1  0
      2616.53   0.2
      2680.6   0.24
      2692.19   0.21
      2739.51   0.31
      2892.32   0.13
      2953.92   0.2
      2977.95   0.27
      3193.54   0.33
      3200.01   0.13
      3222.01   0.07
      3238.31   0.19
      3279.5   0.15
      3296.8   0.09
      3335.25   0.38
      3380.18   0.7
      3391.4   0.13
      3479.99   0.16
      3562.09   0.16
      3575.99   0.16
      3619.58   0.19
      3664.08   0.22
      3693.16   0.2
      3749.1   1.39
      3795.07   0.12
      3841.31   0.38
      3897.06   0.25
      3902.36   0.19
      3929.7   0.9
      3976.76   0.21
      3994.84   0.2
      4026.58   0.83
      4032.62   0.67
      4075.79   0.18
      4150.05   0.2
      4155.47   0.44
      4207.83   0.75
      4212.84   0.27
      4253.24   0.12
      4275.47   0.18
      4288.14   0.1
      4300.63   0.17
      4307.03   0.02
      4328.85   0.31
      4336.53   0.1
      4350.32   0.32
      4370.32   0.23
      4377.01   0.35
      4396.03   0.29
      4414.93   0.07
      4427.42   0.03
      4444.72   0.09
      4469.72   0.19
      4482.12   0.12
      4528.39   0.18
      4546.82   0.41
      4590.01   0.13
      4606.84   0.84
      4623.56   0.3
      4646.33   0.24
      4665.99   0.25
      4705.93   0.36
      4719.87   0.14
      4730.94   0.25
      4757.2   0.04
      4781.7   0.12
      4835.69   0.11
      4870.69   0.11
      4884.58   0.71
      4893.57   0.61
      4905.94   1.7
      4922.02   0.92
      4962.81   0.19
      5003.02   0.73
      5040.44   0.24
      5061.67   0.04
      5068.74   0.31
      5127.73   0.48
      5140.26   0.09
      5149.65   0.14
      5167.96   0.28
      5181.5   2.67
      5212.46   0.21
      5216.86   0.16
      5270.11   1.05
      5308.55   0.13
      5358.2   0.44
      5369.99   0.5
      5411.04   0.03
      5445.93   0.09
      5510.59   0.5
      5567.82   0.1
      5602.71   1.18
      5614.4   1.04
      5638.85   0.96
      5660.22   7.14
      5704.21   0.47
      5742.48   2.17
      5782.5   0.05
      5851.68   0.29
      5925.67   1.81
      5975.81   6.9
      6040.56   0.52
      6110.68   0.54
      6149.72   0.47
      6274.81   0.64
      6283.93   0.61
      6340.94   0.08
      6359.54   0.03
      6486.23   6.25
      6705.82   7.54
      6876.98   8.42
      6948.54   0.69
      6985.17   2.76
      7055.66   1.76
      7202.99   0.85
      7214.32   3.7
      7432.85   0.22
      7491.49   2.88



ZA   28059   59NI  58NI(N,G) E=THERMAL: ^L^A^N^L 
8999.44  37  97.65  1  0
      1728.81   0.048
      2400.95   0.221
      2857.56   0.127
      2897.7   0.119
      2968.52   0.32
      3004.84   0.112
      3041.77   0.155
      3244.58   0.074
      3296.62   0.173
      3367.05   0.26
      3381.89   0.228
      3614.37   0.177
      3930.01   0.392
      4030.17   0.497
      4283.67   0.426
      4646.44   0.12
      4745.96   0.117
      4858.61   1.46
      4977   0.253
      5109.06   0.108
      5140.76   0.026
      5145.18   0.131
      5268.56   0.337
      5312.64   1.74
      5435.77   0.631
      5458.74   0.079
      5546.62   0.066
      5621.41   0.126
      5817.19   3.6
      5973.01   0.881
      6105.28   2.35
      6583.85   2.61
      7264.05   0.236
      7697.12   1.25
      8120.51   4.3
      8533.36   23.8
      8998.41   50.1



ZA   28061   61NI  60NI(N,G) E=THERMAL: ^L^A^N^L 
7820  26  98.833  1  0
      2707.77   0.125
      2783.85   0.104
      2856.7   0.071
      2933.89   0.139
      3106.95   0.052
      3580.26   0.457
      3641.3   0.094
      3950.06   0.233
      4043.41   0.12
      4081.5   0.061
      4108.61   0.457
      4150.91   0.482
      4294.43   0.082
      4404.72   0.649
      4588.08   0.479
      4674.9   0.86
      4757.6   0.209
      4956.24   0.131
      5054.74   0.164
      5180.04   0.162
      5695.67   6.43
      6090.16   0.032
      6634.27   1.24
      6719.89   2.4
      7536.49   30.3
      7819.42   53.3



ZA   28062   62NI  61NI(N,G) E=THERMAL: ^L^A^N^L 
10597.3  23  42.55  1  0
      5596   0.15
      5877   0.3
      5968   0.7
      6179   1
      6277   0.4
      6364   0.5
      6387   0.4
      6395   0.5
      6445   1.2
      6532   1.8
      6623   1.7
      6738   1.2
      6748   1.3
      7073   1.5
      7078   3.6
      7326   4.8
      7338   1.4
      7436   2
      7703.4   4
      8302.5   0.8
      8551.3   4.6
      9422.3   5
      10594.6   3.7



ZA   28063   63NI  62NI(N,G) E=THERMAL: ^L^A^N^L 
6837.85  15  99.898  1  0
      1474.09   0.056
      1659.38   0.061
      2378.88   0.123
      2525.61   0.046
      2783.43   0.126
      3098.97   0.498
      3206.69   0.09
      3554.39   0.119
      4141.94   0.516
      4484.78   0.363
      5513.89   1.63
      5836.22   6.3
      6319.48   4.05
      6681.88   1.42
      6837.4   84.5



ZA   28065   65NI  64NI(N,G) E=THERMAL: ^L^A^N^L 
6098.01  10  100.245  1  0
      2819.7   0.19
      3088.6   0.26
      3386.7   0.83
      3773.7   0.3
      3951.4   1.13
      4178.1   0.12
      4680.3   3.811
      5405.8   8.9
      5787.8   17.701
      6034.8   67.003



ZA   29064   64CU  63CU(N,G) E=THERMAL: ^L^A^N^L 
7915.96  82  98.869  1  0
      3153.05   0.278
      3366.8   0.144
      3472.2   0.183
      3482.9   0.115
      3588.52   0.34
      3651.6   0.062
      3775.27   0.202
      3844.44   0.49
      3883   0.146
      4089.11   0.254
      4133.08   0.381
      4204.37   0.254
      4286.62   0.337
      4312.8   0.28
      4320.24   1.35
      4391.9   0.133
      4405   0.304
      4423.12   0.14
      4440.9   0.195
      4450.86   0.172
      4475.66   0.478
      4504.04   0.487
      4562.95   0.313
      4572.5   0.1
      4603.07   0.543
      4658.53   0.77
      4708.9   0.085
      4790.7   0.107
      4803.8   0.119
      4835.1   0.03
      4883   0.039
      4903.08   0.151
      4983.51   0.202
      5019.5   0.19
      5023.2   0.183
      5085.3   0.328
      5139.86   0.179
      5152.11   0.269
      5183.89   0.366
      5190.09   0.668
      5258.67   1.031
      5269.4   0.08
      5280.67   0.25
      5321.3   0.055
      5385   0.011
      5408.88   0.399
      5418.49   1.85
      5450.75   0.158
      5528.2   0.124
      5555.78   0.274
      5600.5   0.097
      5615.01   0.494
      5636.18   0.41
      5771.48   0.509
      5866.16   0.144
      6010.83   1.59
      6015.7   0.229
      6063.65   0.607
      6136.05   0.197
      6166.9   0.166
      6233   0.109
      6308.61   0.167
      6321.54   0.361
      6365.6   0.106
      6394.86   1.392
      6416.9   0.095
      6477.15   0.172
      6595.63   0.631
      6618.15   1.13
      6628.9   0.099
      6674.85   1.99
      6988.96   3.51
      7037.83   0.388
      7170.1   0.303
      7177.07   2.56
      7253.05   4.15
      7307.31   8.96
      7555.1   0.084
      7572.32   1.74
      7638   16.2
      7756.91   1.58
      7916.26   33.1



ZA   29066   66CU  65CU(N,G) E=THERMAL: ^L^A^N^L 
7065.93  91  92.617  1  0
      1988.92   0.36
      2215.88   1.63
      2539.3   0.07
      2603.3   0.23
      2766.2   0.12
      2949.5   0.19
      3009.32   0.297
      3052.91   0.23
      3131.7   0.173
      3169.4   0.2
      3251.26   0.24
      3285.85   0.33
      3316.04   0.33
      3361.11   0.152
      3429.4   1.05
      3465   0.64
      3482.51   0.33
      3530.56   0.71
      3556.99   0.42
      3578   0.116
      3586.2   0.075
      3633.54   0.142
      3668.23   0.093
      3695.05   0.146
      3724.08   0.47
      3732.12   0.245
      3778.38   0.482
      3818.14   0.505
      3857   0.418
      3900.18   1.21
      3914   0.066
      3923.8   0.037
      3955.1   0.097
      3966.99   0.428
      3974.97   0.391
      3988.21   0.129
      4016.95   0.33
      4020.3   0.099
      4039.82   0.75
      4055.62   0.248
      4078.2   0.134
      4113.25   0.62
      4117.22   0.88
      4122.91   0.33
      4198.32   1.09
      4221.2   0.35
      4251.95   0.128
      4266.54   0.115
      4298.14   0.227
      4326.66   0.846
      4377.75   0.77
      4385.13   3.5
      4401.69   1.03
      4435.2   0.055
      4457.73   0.223
      4468.58   0.267
      4479.82   1.07
      4506.9   0.055
      4545.2   0.044
      4562.96   0.335
      4612.55   0.382
      4617.8   0.172
      4671.2   0.196
      4703.4   0.051
      4805.3   0.232
      4900.15   0.32
      4903.09   0.77
      4941.94   0.372
      5043   5.86
      5047.98   3.5
      5138.98   0.263
      5245.88   7.3
      5320.23   6.15
      5388.12   0.532
      5488.65   0.093
      5505.56   0.095
      5518.73   0.659
      5626.9   0.045
      5722.03   0.383
      5853.41   1.112
      5907.9   0.035
      6013.46   0.12
      6048.84   1.71
      6243.19   2.44
      6336.16   0.144
      6600.66   14.4
      6680.01   13.8
      6790.64   2.63
      6828.1   0.022
      6879.82   0.351
      7065.72   2.23



ZA   30065   65ZN  64ZN(N,G) E=THERMAL: ^L^A^N^L 
7979.6  29  96.16  1  0
      2432   1.26
      3340   0.59
      3359   0.48
      3586   0.66
      3940   0.44
      3955   0.52
      4245   0.81
      4390   0.81
      4511   0.44
      4650   0.43
      4787   0.87
      4829   2.29
      4870   1.29
      4974   0.6
      4983   0.57
      5247   0.89
      5486   0.51
      5520   1.4
      5560   3.77
      5762   0.96
      5777   4.6
      5898   0.53
      6037   5.06
      6071   0.43
      6510   4.04
      7069   6.92
      7112   6.72
      7863   47.8
      7926   0.47



ZA   30067   67ZN  66ZN(N,G) E=THERMAL: ^L^A^N^L 
7052.2  5  86.25  1  0
      4810   2.6
      5910.5   9.95
      6656.5   13.65
      6867.5   23.75
      6959.5   36.3



ZA   30068   68ZN  67ZN(N,G) E=THERMAL: ^L^A^N^L 
10198.2  46  41.205  1  0
      4505.3   0.832
      4632.3   0.693
      4783   0.9
      4795   0.742
      4798.3   0.468
      4891.3   0.607
      4899.4   1.071
      4914   0.891
      5011.4   0.553
      5206.3   0.432
      5234.3   0.45
      5245.9   1.116
      5287.6   0.963
      5340   0.337
      5345.9   0.769
      5464.4   0.301
      5474.7   0.535
      5662.3   1.323
      5677.9   1.053
      5685.6   1.044
      5788.7   0.909
      5913.9   0.589
      5982.6   0.598
      6058.4   0.157
      6171.5   0.292
      6262.6   1.755
      6287   0.477
      6301.6   0.364
      6348.5   0.337
      6421.4   0.616
      6471.4   0.495
      6533.3   0.198
      6568   0.31
      6610.8   0.243
      6701.9   1.323
      6768.4   2.326
      6773.7   0.572
      6910.6   4.5
      7013.3   0.382
      7188.4   2.619
      7237.7   0.207
      7446.3   0.211
      7779.5   0.022
      7859.3   1.687
      8314.7   2.043
      9120.1   2.893



ZA   30069   69ZN  68ZN(N,G) E=THERMAL: ^L^A^N^L 
6482.2  13  55.8  1  0
      3920   0.8
      3972   0.5
      4072   1.2
      4106   3.6
      4138   9.3
      4426   2.2
      4500   1.3
      4652   2.2
      4888   3.3
      5230   1.9
      5474   20.8
      5647   3.8
      6482   4.9







ZA   32071   71GE  70GE(N,G) E=THERMAL: ^L^A^N^L 
7415.95  23  43.679  1  0
      4881.81   2.09
      4900.49   0.32
      4951   0.41
      4980.6   0.459
      4989   0.23
      5064   1.04
      5158.8   0.87
      5191.2   0.71
      5269.6   0.98
      5383.88   1.62
      5450.71   3.5
      5672.3   0.45
      5817.15   3.49
      5873.16   0.36
      6037.21   5.49
      6116.86   5.3
      6276.25   2.62
      6319.99   1.86
      6584.32   1.1
      6607.45   0.2
      6707.45   4.8
      6915.68   3.83
      7415.58   1.95



ZA   32073   73GE  72GE(N,G) E=THERMAL: ^L^A^N^L 
6782.94  25  54.76  1  0
      3852.4   0.66
      3898.4   1.7
      4008   1.04
      4062.3   1.72
      4076.6   1.8
      4217.9   1.66
      4299.3   0.58
      4363.5   0.9
      4381.2   0.66
      4492   0.7
      4572.3   0.52
      4594   0.8
      4650.7   0.78
      4890.71   0.62
      5238.3   0.64
      5395.9   0.42
      5518.3   9.35
      5650.86   4.14
      5740.21   4.82
      5850.97   2.21
      5867.12   0.75
      6227.89   1.54
      6390.17   10.52
      6418.6   4.8
      6717   1.43



ZA   32074   74GE  73GE(N,G) E=THERMAL: ^L^A^N^L 
10196.2  53  26.24  1  0
      1191.57   0.675
      1322.7   0.69
      1635.49   1.11
      2215.02   0.25
      2313.59   0.72
      2616.93   0.33
      2702.46   0.18
      4269   0.15
      4437.02   0.195
      5065   0.35
      5354.85   0.33
      5565.45   0.6
      5667.98   0.43
      5755.64   0.3
      5782.43   0.22
      5787.08   0.25
      5827.99   0.42
      5960.93   0.33
      5978.33   0.12
      5991.05   0.21
      6040.42   0.315
      6050.8   0.03
      6165.54   0.18
      6172.24   0.76
      6200.19   1.04
      6238.36   0.14
      6360.75   0.36
      6363.98   0.45
      6388.98   0.255
      6405.04   0.38
      6489.03   0.36
      6510.5   0.11
      6680.18   0.72
      6717   0.89
      6785.64   0.71
      6814.38   0.72
      6879.81   0.13
      6924.33   0.49
      7020.36   0.46
      7091.21   1.46
      7114.19   0.18
      7147.15   0.32
      7161.73   0.27
      7222.17   0.78
      7260.13   2.54
      7367.16   0.43
      7501.9   0.67
      7626.39   0.27
      8030.47   1.07
      8498.64   0.8
      8732.01   1.02
      8992.22   0.01
      9599.96   0.06



ZA   32075   75GE  74GE(N,G) E=THERMAL: ^L^A^N^L 
6505.5  15  43.77  1  0
      3745.3   0.62
      3846.8   1.02
      3979.5   0.4
      4410.6   2.02
      4707   7.14
      4990   1.97
      5003.22   2.27
      5075.9   1.08
      5088   4.35
      5368   2.45
      5620.09   2.349
      5745   0.61
      5930.34   2.91
      6252.16   11.751
      6505.09   2.83



ZA   32077   77GE  76GE(N,G) E=THERMAL: ^L^A^N^L 
6072.6  6  21.9  1  0
      4008.5   1.488
      4193.2   4.944
      4821.8   0.32
      5049.1   5.386
      5444.7   0.496
      5912.85   9.266






























































































































































































ZA   62150  150SM  149SM(N,G) E=THERMAL: ^L^A^N^L
7985.7  34  3.774  1  0
      4044.04   0.057
      4150.54   0.023
      4339.13   0.183
      4463.03   0.079
      4601.02   0.039
      4662.72   0.069
      4905.81   0.138
      4937.41   0.138
      4989.91   0.076
      5075.11   0.099
      5316.8   0.025
      5398.29   0.06
      5410.31   0.135
      5490.01   0.15
      5530.11   0.569
      5693.42   0.028
      5723.89   0.105
      5735.18   0.075
      5785.94   0.045
      5832.88   0.072
      5866.01   0.017
      5890.36   0.066
      5922.29   0.128
      5941.48   0.06
      5961.05   0.18
      6015.25   0.09
      6035.04   0.022
      6301.53   0.015
      6343.03   0.049
      6481.09   0.06
      6536.55   0.194
      6628.01   0.009
      6914.25   0.015
      7212.27   0.704
















ZA   64156  156GD  155GD(N,G) E=THERMAL: ^L^A^N^L
8536.4  85  17.615  1  0
      3901.3   0.211
      3928.7   0.283
      3959.3   0.21
      3988.6   0.26
      4320.7   0.28
      4415.3   0.178
      4485.1   0.242
      4507   0.123
      4527.1   0.38
      4558.3   0.192
      4567.9   0.209
      4670.5   0.181
      4713.2   0.165
      4725.2   0.28
      4812.4   0.143
      4843.5   0.196
      4858.2   0.186
      4900   0.255
      4941.1   0.261
      4983.8   0.307
      5000.9   0.182
      5026.9   0.105
      5040.37   0.086
      5059.1   0.176
      5075.13   0.122
      5093.2   0.303
      5108.45   0.19
      5158.3   0.212
      5238.5   0.074
      5251.01   0.12
      5260.4   0.166
      5269.74   0.174
      5306.92   0.149
      5328.5   0.13
      5346.07   0.292
      5370.7   0.091
      5430.51   0.19
      5485.7   0.215
      5502.7   0.11
      5511.62   0.108
      5529.07   0.106
      5548.4   0.164
      5573.65   0.128
      5588.56   0.349
      5607.46   0.115
      5648.06   0.124
      5661.64   0.449
      5685.3   0.103
      5696.04   0.413
      5705.44   0.259
      5718.5   0.051
      5750.3   0.065
      5773.72   0.184
      5786.68   0.333
      5816.5   0.072
      5834.76   0.108
      5884.12   0.371
      5920.9   0.061
      5941.4   0.032
      6033.9   0.555
      6059   0.041
      6083.77   0.193
      6089.62   0.191
      6099.17   0.177
      6107.91   0.123
      6120.2   0.195
      6132.69   0.08
      6153.6   0.06
      6234.04   0.207
      6262.4   0.033
      6279.1   0.096
      6307.1   0.065
      6319.19   0.268
      6429.45   0.79
      6465.84   0.246
      6481.89   0.67
      6509.7   0.025
      6531.9   0.059
      6620.3   0.106
      6764.98   0.328
      7216.45   0.056
      7259.88   0.113
      7288.07   1.135
      7381.92   0.545
      8446.8   0.034



ZA   64158  158GD  157GD(N,G) E=THERMAL: ^L^A^N^L
7937.33  94  18.164  1  0
      3700.2   0.265
      3775.8   0.166
      3797.7   0.265
      3826.5   0.199
      3921.3   0.105
      3972.1   0.132
      3989.2   0.273
      4058.4   0.215
      4090.6   0.265
      4142.6   0.166
      4187.3   0.066
      4275.7   0.163
      4289.7   0.171
      4304.5   0.179
      4310.3   0.207
      4344.8   0.144
      4402.4   0.124
      4488.4   0.174
      4500.8   0.149
      4525.5   0.132
      4585.3   0.099
      4649.2   0.11
      4665.8   0.083
      4673.3   0.13
      4690   0.102
      4708.6   0.094
      4736.4   0.116
      4741.7   0.152
      4766   0.083
      4787.3   0.119
      4795.7   0.113
      4870.3   0.155
      4876.9   0.213
      4891.6   0.105
      4908.2   0.088
      4925.2   0.673
      4939.5   0.188
      4951.1   0.116
      4955.6   0.069
      5002.5   0.083
      5027.5   0.135
      5041.1   0.083
      5058.2   0.304
      5092.4   0.077
      5106.9   0.091
      5113.6   0.086
      5142.4   0.047
      5154.9   0.185
      5178.7   0.334
      5185.7   0.097
      5238.6   0.226
      5250.2   0.268
      5265.1   0.055
      5280.4   0.091
      5293.1   0.041
      5306.2   0.135
      5336.1   0.088
      5342.6   0.072
      5370.4   0.063
      5403.2   0.373
      5436.4   0.201
      5486.7   0.058
      5504.1   0.047
      5542.6   0.315
      5567.6   0.025
      5582.1   0.464
      5592.7   0.282
      5609.8   0.221
      5654.2   0.141
      5661.1   0.345
      5668.7   0.099
      5676.7   0.367
      5687.9   0.044
      5714.3   0.08
      5721.7   0.072
      5783.8   0.29
      5816.2   0.05
      5845.4   0.041
      5853.1   0.072
      5891.8   0.058
      5903.2   1.405
      5912.5   0.077
      5995.5   0.155
      6006.4   0.075
      6042.6   0.102
      6073.1   0.033
      6079.6   0.039
      6144.9   0.177
      6420.1   0.353
      6671.6   0.224
      6750   2.76
      6913.6   0.149
      6959.9   0.024
      7857.4   0.017



























































ZA   73182  182TA  181TA(N,G) E=THERMAL: ^L^A^N^L
6063  82  11.15  1  0
      2979.7   0.1
      3219.7   0.15
      3253.9   0.14
      3379.7   0.08
      3401.1   0.08
      3508.6   0.06
      3527   0.12
      3594.4   0.14
      3814.9   0.06
      3882.7   0.187
      3902.3   0.137
      3982.1   0.238
      4033.1   0.086
      4045.7   0.216
      4053.9   0.202
      4102.6   0.086
      4118.1   0.065
      4138.4   0.122
      4157.9   0.166
      4172.7   0.158
      4219.8   0.194
      4280   0.06
      4315.6   0.497
      4348.8   0.086
      4366.2   0.166
      4383.2   0.13
      4444   0.187
      4458.2   0.108
      4483.1   0.295
      4536.1   0.18
      4566.4   0.173
      4580   0.187
      4618   0.259
      4629.7   0.079
      4666.6   0.065
      4673.4   0.094
      4691.7   0.223
      4782.3   0.533
      4793.1   0.259
      4802.9   0.238
      4821.8   0.079
      4833.2   0.187
      4890.6   0.022
      4912.6   0.158
      4925.9   0.036
      4937.8   0.086
      4949.3   0.058
      4961.7   0.036
      4980.2   0.151
      5005.6   0.209
      5034.6   0.094
      5075.8   0.029
      5102.2   0.108
      5123   0.065
      5135   0.079
      5147.4   0.065
      5165.4   0.05
      5181.4   0.036
      5206.8   0.216
      5227.7   0.05
      5245.8   0.274
      5280.6   0.065
      5343.3   0.252
      5396.6   0.043
      5402.7   0.029
      5411.9   0.05
      5434.6   0.065
      5497   0.072
      5515.7   0.13
      5557.4   0.058
      5583.8   0.072
      5665.5   0.014
      5702.1   0.029
      5769.9   0.086
      5792.5   0.144
      5812.6   0.022
      5825   0.007
      5889.6   0.043
      5912.1   0.022
      5948.7   0.101
      5965   0.72
      6062.9   0.432





ZA   74183  183W   182W(N,G) E=THERMAL: ^L^A^N^L 
6190.76  43  36.725  1  0
      3943.1   0.281
      3955.76   0.241
      3981.77   0.228
      4014.18   1.112
      4021.2   0.122
      4026.24   0.563
      4034   0.118
      4064.51   0.536
      4091.91   0.228
      4132.3   0.188
      4162.34   0.375
      4201.18   0.123
      4209.5   0.002
      4246.62   1.313
      4275.6   0.055
      4289.9   0.109
      4297.4   0.134
      4304.65   0.616
      4357.3   0.079
      4367.19   0.804
      4379.78   0.536
      4402.8   0.059
      4439.5   0.028
      4454.6   0.059
      4460.6   0.389
      4467.2   0.066
      4474.1   0.055
      4518.12   1.193
      4530   0.095
      4557.6   0.161
      4562.87   0.804
      4578.4   0.09
      4604.8   0.094
      4634.8   0.456
      4719.86   0.536
      4727.9   0.055
      4755.9   0.013
      4881.14   0.174
      5164.5   5.239
      5256.15   0.375
      5984.51   0.006
      6144.23   5.079
      6190.66   13.936



ZA   74184  184W   183W(N,G) E=THERMAL: ^L^A^N^L 
7411.18  110  49.158  1  0
      3349.3   0.258
      3439   0.152
      3449   0.249
      3480.8   0.108
      3528.2   0.323
      3604   0.226
      3628.6   0.118
      3640.4   0.194
      3667   0.258
      3696   0.205
      3707.8   0.27
      3724.6   0.194
      3759   0.205
      3776.5   0.258
      3793.3   0.141
      3864.3   0.217
      3910.1   0.184
      3924   0.097
      3956.8   0.217
      3962.9   0.226
      3982.6   0.129
      4025   0.258
      4033.6   0.152
      4046.4   0.065
      4059.5   0.118
      4082.2   0.152
      4094.5   0.065
      4103.2   0.129
      4120.6   0.357
      4146.5   0.334
      4160   0.454
      4166.5   0.184
      4184   0.217
      4190.5   0.173
      4210.8   0.184
      4218.3   0.141
      4226.7   0.616
      4242.8   0.346
      4275.4   0.346
      4299   0.249
      4306.6   0.789
      4342.2   0.249
      4375.6   0.346
      4384.6   0.561
      4393.6   0.357
      4407   0.108
      4428.7   0.076
      4442.9   0.389
      4460.3   0.27
      4491.8   0.217
      4509.1   0.162
      4539.6   0.108
      4555.5   0.097
      4561.9   0.162
      4596.7   0.54
      4609.1   0.604
      4647.1   0.821
      4653   0.249
      4680.8   0.313
      4690.7   0.194
      4703.7   0.302
      4761.4   0.152
      4781.2   0.173
      4797.5   0.378
      4820.1   0.044
      4837.7   0.053
      4855.9   0.097
      4892.1   0.258
      4901.7   0.152
      4952.4   0.357
      4971.4   0.226
      4981.5   0.032
      5007.4   0.302
      5015.9   1.51
      5021.9   0.422
      5040.8   0.226
      5059.1   0.053
      5090.7   0.065
      5116.4   1.07
      5164.8   0.443
      5182.8   0.065
      5189.2   0.118
      5242.9   0.561
      5284.6   1.058
      5297.6   0.108
      5307.3   0.097
      5312.8   0.205
      5321.2   0.27
      5348.7   0.258
      5355.1   0.044
      5375.3   0.249
      5380   0.152
      5398.6   0.108
      5415.3   0.011
      5533.7   0.486
      5602.4   0.162
      5635.8   0.097
      5697.7   0.097
      5783.5   0.237
      5796.7   2.181
      5979.9   0.346
      6024.5   3.378
      6089.1   0.065
      6190.6   2.461
      6280.2   0.152
      6289.5   2.223
      6408.5   4.081
      6507.7   0.906
      7300   1.457
      7411.2   5.829



ZA   74185  185W   184W(N,G) E=THERMAL: ^L^A^N^L 
5754  20  20.97  1  0
      3873.3   0.288
      4097.5   0.16
      4182.2   0.248
      4218.7   1.307
      4312.8   1.124
      4395.3   0.319
      4468.7   0.863
      4508.5   0.157
      4535.8   2.912
      4573.6   4
      4691.7   0.296
      4746.3   2.248
      4932   1.137
      4980.5   0.638
      4986.8   0.727
      5025.3   0.251
      5091.7   2.614
      5659   0.068
      5730   0.136
      5754.1   1.477



ZA   74187  187W   186W(N,G) E=THERMAL: ^L^A^N^L 
5467.2  57  39.678  1  0
      3192.14   0.515
      3207.51   0.347
      3225.66   0.768
      3234.9   0.205
      3269.9   0.121
      3298.58   0.216
      3316.7   0.258
      3343.13   0.184
      3377.01   0.421
      3423.19   0.326
      3444.2   0.116
      3470.44   1.583
      3487.32   0.231
      3493.9   0.736
      3511.33   0.573
      3530.92   0.61
      3535.74   0.715
      3561.92   0.936
      3576.73   0.321
      3622.4   0.137
      3696.8   0.089
      3738.96   0.373
      3748.6   0.11
      3761.48   0.268
      3775.8   0.331
      3804.06   0.258
      3823.6   0.158
      3848.29   0.705
      3854.9   0.121
      3902.89   0.31
      3917.8   0.11
      3921.47   0.321
      3934.8   0.089
      3965.97   0.452
      4016.75   0.274
      4083.41   0.484
      4119.3   0.92
      4137   0.142
      4153.8   0.132
      4159.06   0.531
      4250.24   1.778
      4332.14   0.605
      4373.3   0.1
      4385.11   0.863
      4448.64   0.773
      4478.29   0.195
      4487.77   0.226
      4558.47   0.352
      4575.48   1.289
      4606.53   0.032
      4627.18   1.972
      4651.17   0.652
      4664.3   0.042
      4685.08   2.362
      5262.27   7.417
      5321.29   5.26
      5467.02   0.263























































